Pretty print of Pass-1 and the eqArray
                                                                                            
                                                                                            
                                                                                            
                                                                                            
                                                                                            
                                                                                            
                                                                                            
                                                                                            
                                              1 1                                           
                                              1 1 1                                         
                                        2       1 1 1                                       
                                                  1 1                                       
                                      3 3 3                                                 
                                  4 3 3 3 3 3 3                                             
                                4 3 3 3 3 3 3 3 3 3 3 3 3                                   
                                3 3 3 3 3 3 3 3 3 3 3 3 3 3 3                               
                              3 3 3 3 3 3 3 3 3 3 3 3 3 3 3 3                               
                            3 3 3 3 3 3 3 3 3 3 3 3 3 3 3 3 3 3 3                           
                          3 3 3 3 3 3 3 3 3 3 3 3 3 3 3 3 3   3 3 3                         
                        3 3 3 3 3 3 3 3 3 3 3 3 3 3 3 3 3 3 3 3 3 3 3                       
                      3 3 3 3 3 3 3 3 3 3 3 3 3 3 3 3 3 3   3 3 3 3 3 3                     
                      3 3 3 3 3 3 3 3 3 3 3 3 3 3 3 3           3 3 3 3                     
                    3 3 3 3 3 3 3 3 3 3 3 3 3 3 3 3 3           3 3 3 3 3 3                 
                  3 3 3 3 3 3 3 3 3 3 3 3 3 3 3 3 3 3           3 3 3 3 3 3 3               
              5 3 3 3 3 3 3 3 3 3 3 3 3 3 3 3 3 3 3 3 3     6 3 3 3 3 3 3 3 3 3             
                3 3 3 3 3 3 3 3 3 3 3 3 3 3 3 3 3 3 3 3     3 3 3 3 3 3 3 3 3               
                  3 3 3 3 3 3 3 3 3 3 3 3 3 3 3 3 3 3 3 3     3 3 3 3 3 3 3                 
                    3 3 3 3 3 3 3 3     3 3 3 3 3 3 3 3 3       3 3 3 3 3                   
                      3 3 3 3 3 3 3 3   3 3 3 3 3 3 3 3 3 3       3 3 3                     
                        3 3 3 3 3 3 3 3 3 3 3 3 3 3 3 3 3           3                       
                          3 3 3 3 3 3 3 3 3 3 3 3 3 3 3 3 3                                 
                          3 3 3 3 3 3 3 3 3 3 3 3 3 3 3 3 3                                 
                            3 3 3 3 3 3 3 3 3 3 3 3 3 3 3 3 3                               
                              3 3 3 3 3 3 3 3 3 3 3 3 3 3 3                                 
                                  3 3 3                                                     
                                    3                                                       
                                    3 3 3         7 7                                       
                                      3 3 3 3   7 7 7 7                                     
                                        3 3 3 3 3 3 3                                       
                                          3 3 3 3 3                                         
                                            3 3 3                                           
                                              3                                             
                                                                                            
                                                                                            
                                                                                            
                                                                                            
  eqArray:
    Index: 0  1  2  3  4  5  6  7 
Component: 0  1  2  3  3  3  3  3 


Pretty print of Pass-2 and the eqArray
                                                                                            
                                                                                            
                                                                                            
                                                                                            
                                                                                            
                                                                                            
                                                                                            
                                                                                            
                                              1 1                                           
                                              1 1 1                                         
                                        2       1 1 1                                       
                                                  1 1                                       
                                      3 3 3                                                 
                                  3 3 3 3 3 3 3                                             
                                3 3 3 3 3 3 3 3 3 3 3 3 3                                   
                                3 3 3 3 3 3 3 3 3 3 3 3 3 3 3                               
                              3 3 3 3 3 3 3 3 3 3 3 3 3 3 3 3                               
                            3 3 3 3 3 3 3 3 3 3 3 3 3 3 3 3 3 3 3                           
                          3 3 3 3 3 3 3 3 3 3 3 3 3 3 3 3 3   3 3 3                         
                        3 3 3 3 3 3 3 3 3 3 3 3 3 3 3 3 3 3 3 3 3 3 3                       
                      3 3 3 3 3 3 3 3 3 3 3 3 3 3 3 3 3 3   3 3 3 3 3 3                     
                      3 3 3 3 3 3 3 3 3 3 3 3 3 3 3 3           3 3 3 3                     
                    3 3 3 3 3 3 3 3 3 3 3 3 3 3 3 3 3           3 3 3 3 3 3                 
                  3 3 3 3 3 3 3 3 3 3 3 3 3 3 3 3 3 3           3 3 3 3 3 3 3               
              3 3 3 3 3 3 3 3 3 3 3 3 3 3 3 3 3 3 3 3 3     3 3 3 3 3 3 3 3 3 3             
                3 3 3 3 3 3 3 3 3 3 3 3 3 3 3 3 3 3 3 3     3 3 3 3 3 3 3 3 3               
                  3 3 3 3 3 3 3 3 3 3 3 3 3 3 3 3 3 3 3 3     3 3 3 3 3 3 3                 
                    3 3 3 3 3 3 3 3     3 3 3 3 3 3 3 3 3       3 3 3 3 3                   
                      3 3 3 3 3 3 3 3   3 3 3 3 3 3 3 3 3 3       3 3 3                     
                        3 3 3 3 3 3 3 3 3 3 3 3 3 3 3 3 3           3                       
                          3 3 3 3 3 3 3 3 3 3 3 3 3 3 3 3 3                                 
                          3 3 3 3 3 3 3 3 3 3 3 3 3 3 3 3 3                                 
                            3 3 3 3 3 3 3 3 3 3 3 3 3 3 3 3 3                               
                              3 3 3 3 3 3 3 3 3 3 3 3 3 3 3                                 
                                  3 3 3                                                     
                                    3                                                       
                                    3 3 3         3 3                                       
                                      3 3 3 3   3 3 3 3                                     
                                        3 3 3 3 3 3 3                                       
                                          3 3 3 3 3                                         
                                            3 3 3                                           
                                              3                                             
                                                                                            
                                                                                            
                                                                                            
                                                                                            
  eqArray:
    Index: 0  1  2  3  4  5  6  7 
Component: 0  1  2  3  3  3  3  3 


Print of the eqArray after management of the eqArray

  eqArray:
    Index: 0  1  2  3  4  5  6  7 
Component: 0  1  2  3  3  3  3  3 


Pretty print of Pass-3 and the eqArray
                                                                                            
                                                                                            
                                                                                            
                                                                                            
                                                                                            
                                                                                            
                                                                                            
                                                                                            
                                              1 1                                           
                                              1 1 1                                         
                                        2       1 1 1                                       
                                                  1 1                                       
                                      3 3 3                                                 
                                  3 3 3 3 3 3 3                                             
                                3 3 3 3 3 3 3 3 3 3 3 3 3                                   
                                3 3 3 3 3 3 3 3 3 3 3 3 3 3 3                               
                              3 3 3 3 3 3 3 3 3 3 3 3 3 3 3 3                               
                            3 3 3 3 3 3 3 3 3 3 3 3 3 3 3 3 3 3 3                           
                          3 3 3 3 3 3 3 3 3 3 3 3 3 3 3 3 3   3 3 3                         
                        3 3 3 3 3 3 3 3 3 3 3 3 3 3 3 3 3 3 3 3 3 3 3                       
                      3 3 3 3 3 3 3 3 3 3 3 3 3 3 3 3 3 3   3 3 3 3 3 3                     
                      3 3 3 3 3 3 3 3 3 3 3 3 3 3 3 3           3 3 3 3                     
                    3 3 3 3 3 3 3 3 3 3 3 3 3 3 3 3 3           3 3 3 3 3 3                 
                  3 3 3 3 3 3 3 3 3 3 3 3 3 3 3 3 3 3           3 3 3 3 3 3 3               
              3 3 3 3 3 3 3 3 3 3 3 3 3 3 3 3 3 3 3 3 3     3 3 3 3 3 3 3 3 3 3             
                3 3 3 3 3 3 3 3 3 3 3 3 3 3 3 3 3 3 3 3     3 3 3 3 3 3 3 3 3               
                  3 3 3 3 3 3 3 3 3 3 3 3 3 3 3 3 3 3 3 3     3 3 3 3 3 3 3                 
                    3 3 3 3 3 3 3 3     3 3 3 3 3 3 3 3 3       3 3 3 3 3                   
                      3 3 3 3 3 3 3 3   3 3 3 3 3 3 3 3 3 3       3 3 3                     
                        3 3 3 3 3 3 3 3 3 3 3 3 3 3 3 3 3           3                       
                          3 3 3 3 3 3 3 3 3 3 3 3 3 3 3 3 3                                 
                          3 3 3 3 3 3 3 3 3 3 3 3 3 3 3 3 3                                 
                            3 3 3 3 3 3 3 3 3 3 3 3 3 3 3 3 3                               
                              3 3 3 3 3 3 3 3 3 3 3 3 3 3 3                                 
                                  3 3 3                                                     
                                    3                                                       
                                    3 3 3         3 3                                       
                                      3 3 3 3   3 3 3 3                                     
                                        3 3 3 3 3 3 3                                       
                                          3 3 3 3 3                                         
                                            3 3 3                                           
                                              3                                             
                                                                                            
                                                                                            
                                                                                            
                                                                                            
  eqArray:
    Index: 0  1  2  3  4  5  6  7 
Component: 0  1  2  3  3  3  3  3 