Pretty print of Pass-1 and the eqArray
                                                              
                              1                               
              2             1 1 1                   3         
    4           2         1 1 1 1 1                 3         
      4       2         1 1 1 1 1 1 1               3         
        4     2       1 1 1 1 1 1 1 1 1           3           
          4   2     1 1 1 1 1 1 1 1 1 1 1           3         
        4     2   1 1 1 1 1 1 1 1 1 1 1 1 1           3       
          4   2   1 1 1 1 1 1 1 1 1 1 1 1 1         3         
        4     2   1 1 1 1 1 1 1 1 1 1 1 1 1           3       
        4   2 2   1 1 1 1 1 1 1 1 1 1 1 1 1             3     
    5 4 4   2     1 1 1 1 1 1 1 1 1 1 1 1 1 1 1 1 1 1 1       
    4       2   1 1 1 1 1 1 1 1 1 1 1 1 1 1                   
    4   6 2 2     1 1 1 1 1 1 1 1 1 1 1 1 1                   
    4               1 1 1 1 1 1 1 1 1 1 1   1           7     
      4           1     1 1 1 1 1 1 1         1       7   7   
        4       1         1 1 1 1 1             1     7   7   
        4     1             1 1 1     8           1 1     7   
        4 4   1               1   1 1   8                 7   
        4     1                     1   8               7     
        4                     9           8     10 10 10 7       
          4                   9             8 8               
                            9 9 9                 11           
        12     13             9 9 9               11             
          12 12             9 9 9 9 9           11               
            12           9 9 9 9 9 9 9       11                 
          12   12       9 9 9 9 9 9 9 9 9   11                   
        12       12   9 9 9 9 9 9 9 9 9 9 9                     
                  9 9 9 9 9 9 9 9 9 9 9 9 9                   
                  9 9 9 9 9 9 9 9 9 9 9 9 9                   
                  9 9 9 9 9 9 9 9 9 9 9 9 9                   
      14           9 9 9 9 9 9 9 9 9 9 9 9 9                   
        14         9 9 9 9 9 9 9 9 9 9 9 9 9                   
        14         9 9 9 9 9 9 9 9 9 9 9 9 9                   
          14       9 9 9 9 9 9 9 9 9 9 9 9 9                   
      15         9   9 9 9 9 9 9 9 9 9 9 9                     
        15     9         9 9 9 9 9 9 9                         
    16     15 9             9 9 9 9 9                           
      16   9                 9 9 9                             
        9                   9 9 9                             
                              9                               
                                                              
  eqArray:
    Index: 0  1  2  3  4  5  6  7  8  9 10 11 12 13 14 15 16 
Component: 0  1  2  1  4  4  2  1  1  9  8  9  9 12 14  9  9 


Pretty print of Pass-2 and the eqArray
                                                              
                              1                               
              2             1 1 1                   1         
    4           2         1 1 1 1 1                 1         
      4       2         1 1 1 1 1 1 1               1         
        4     2       1 1 1 1 1 1 1 1 1           1           
          4   2     1 1 1 1 1 1 1 1 1 1 1           1         
        4     2   1 1 1 1 1 1 1 1 1 1 1 1 1           1       
          4   2   1 1 1 1 1 1 1 1 1 1 1 1 1         1         
        4     2   1 1 1 1 1 1 1 1 1 1 1 1 1           1       
        4   2 2   1 1 1 1 1 1 1 1 1 1 1 1 1             1     
    4 4 4   2     1 1 1 1 1 1 1 1 1 1 1 1 1 1 1 1 1 1 1       
    4       2   1 1 1 1 1 1 1 1 1 1 1 1 1 1                   
    4   2 2 2     1 1 1 1 1 1 1 1 1 1 1 1 1                   
    4               1 1 1 1 1 1 1 1 1 1 1   1           1     
      4           1     1 1 1 1 1 1 1         1       1   7   
        4       1         1 1 1 1 1             1     1   7   
        4     1             1 1 1     1           1 1     7   
        4 4   1               1   1 1   8                 7   
        4     1                     1   8               7     
        4                     9           8     7 7 7 7       
          4                   9             8 8               
                            9 9 9                 9           
        9     9             9 9 9               9             
          9 9             9 9 9 9 9           9               
            9           9 9 9 9 9 9 9       9                 
          12   9       9 9 9 9 9 9 9 9 9   9                   
        12       9   9 9 9 9 9 9 9 9 9 9 9                     
                  9 9 9 9 9 9 9 9 9 9 9 9 9                   
                  9 9 9 9 9 9 9 9 9 9 9 9 9                   
                  9 9 9 9 9 9 9 9 9 9 9 9 9                   
      14           9 9 9 9 9 9 9 9 9 9 9 9 9                   
        14         9 9 9 9 9 9 9 9 9 9 9 9 9                   
        14         9 9 9 9 9 9 9 9 9 9 9 9 9                   
          14       9 9 9 9 9 9 9 9 9 9 9 9 9                   
      9         9   9 9 9 9 9 9 9 9 9 9 9                     
        9     9         9 9 9 9 9 9 9                         
    9     9 9             9 9 9 9 9                           
      9   9                 9 9 9                             
        9                   9 9 9                             
                              9                               
                                                              
  eqArray:
    Index: 0  1  2  3  4  5  6  7  8  9 10 11 12 13 14 15 16 
Component: 0  1  2  1  4  4  2  1  1  9  8  9  9 12 14  9  9 


Print of the eqArray after management of the eqArray

  eqArray:
    Index: 0  1  2  3  4  5  6  7  8  9 10 11 12 13 14 15 16 
Component: 0  1  2  1  3  3  2  1  1  4  1  4  4  4  5  4  4 


Pretty print of Pass-3 and the eqArray
                                                              
                              1                               
              2             1 1 1                   1         
    3           2         1 1 1 1 1                 1         
      3       2         1 1 1 1 1 1 1               1         
        3     2       1 1 1 1 1 1 1 1 1           1           
          3   2     1 1 1 1 1 1 1 1 1 1 1           1         
        3     2   1 1 1 1 1 1 1 1 1 1 1 1 1           1       
          3   2   1 1 1 1 1 1 1 1 1 1 1 1 1         1         
        3     2   1 1 1 1 1 1 1 1 1 1 1 1 1           1       
        3   2 2   1 1 1 1 1 1 1 1 1 1 1 1 1             1     
    3 3 3   2     1 1 1 1 1 1 1 1 1 1 1 1 1 1 1 1 1 1 1       
    3       2   1 1 1 1 1 1 1 1 1 1 1 1 1 1                   
    3   2 2 2     1 1 1 1 1 1 1 1 1 1 1 1 1                   
    3               1 1 1 1 1 1 1 1 1 1 1   1           1     
      3           1     1 1 1 1 1 1 1         1       1   1   
        3       1         1 1 1 1 1             1     1   1   
        3     1             1 1 1     1           1 1     1   
        3 3   1               1   1 1   1                 1   
        3     1                     1   1               1     
        3                     4           1     1 1 1 1       
          3                   4             1 1               
                            4 4 4                 4           
        4     4             4 4 4               4             
          4 4             4 4 4 4 4           4               
            4           4 4 4 4 4 4 4       4                 
          4   4       4 4 4 4 4 4 4 4 4   4                   
        4       4   4 4 4 4 4 4 4 4 4 4 4                     
                  4 4 4 4 4 4 4 4 4 4 4 4 4                   
                  4 4 4 4 4 4 4 4 4 4 4 4 4                   
                  4 4 4 4 4 4 4 4 4 4 4 4 4                   
      5           4 4 4 4 4 4 4 4 4 4 4 4 4                   
        5         4 4 4 4 4 4 4 4 4 4 4 4 4                   
        5         4 4 4 4 4 4 4 4 4 4 4 4 4                   
          5       4 4 4 4 4 4 4 4 4 4 4 4 4                   
      4         4   4 4 4 4 4 4 4 4 4 4 4                     
        4     4         4 4 4 4 4 4 4                         
    4     4 4             4 4 4 4 4                           
      4   4                 4 4 4                             
        4                   4 4 4                             
                              4                               
                                                              
  eqArray:
    Index: 0  1  2  3  4  5  6  7  8  9 10 11 12 13 14 15 16 
Component: 0  1  2  1  3  3  2  1  1  4  1  4  4  4  5  4  4 